20
74
1
17
41
734
2
44 44
25 42
0
3
45 7 47 
23 34 43
219
4
28 17 3 28
32 23 43 32
750
5
22 16 47 30 36
2 24 37 30 45
395
6
49 31 17 18 43 48
17 46 46 27 27 15
76
7
5 42 34 31 40 33 17
4 25 4 16 26 5 11
569
8
25 30 41 14 48 9 38 9
32 39 39 37 14 12 19 9
773
9
2 28 20 21 4 16 0 32 14
4 11 40 6 18 46 21 28 23
269
10
3 32 12 14 41 24 13 14 38 3
2 5 15 40 29 1 4 35 32 8
72
11
0 5 36 41 1 38 12 33 22 3 14
18 32 26 10 8 24 3 39 42 11 27
123
12
31 43 8 36 18 11 17 37 14 17 36 16
36 29 34 33 28 46 37 9 20 48 30 16
318
13
38 45 1 35 15 45 4 30 26 21 30 49 19
37 17 41 27 22 29 17 30 32 29 44 29 43
293
14
25 34 4 27 47 4 1 49 40 1 33 37 21 39
44 10 7 5 49 32 49 40 9 3 29 6 25 0
142
15
5 13 18 46 13 27 10 3 0 0 34 5 25 9 2
39 12 17 44 26 6 28 40 16 11 44 11 13 18 46
522
16
33 6 30 26 34 45 30 48 21 5 32 24 5 40 46 29
48 4 31 36 40 22 7 4 44 15 2 35 15 0 44 13
877
17
42 8 41 40 0 43 41 23 12 39 27 24 8 34 10 25 27
39 24 26 47 28 24 19 24 46 37 3 1 26 10 1 9 40
802
18
0 9 17 33 38 33 43 16 15 8 35 28 21 48 47 11 27 15
22 3 14 17 18 26 41 14 2 32 44 10 48 15 22 13 41 10
111
19
25 21 9 42 41 0 0 47 21 20 14 28 15 44 6 46 28 11 39
30 0 44 29 6 25 16 39 20 23 49 44 5 12 35 22 31 19 6
410
20
30 26 28 30 9 6 0 47 31 23 33 40 41 46 38 34 14 20 38 5
38 45 48 19 49 1 40 33 20 37 37 25 11 49 38 10 0 13 36 36
